6.373699425585940048e+00 2.663735168100561168e+01
4.010181296895517278e+00 2.145257950915325296e+01
6.013543017756234121e+00 2.561406325076613300e+01
9.986648521948056967e+00 4.065439338902932320e+01
1.618847667603775520e+00 1.154659365063852938e+01
8.112207941573736036e+00 3.105992676482412307e+01
5.216583425978954303e+00 2.203674269039878197e+01
1.833200800351530990e-01 3.071101629519759513e+00
4.710333549219665628e+00 2.029906674788003684e+01
8.111599830247678611e+00 2.987205472243869053e+01
2.098172975912999672e+00 1.085234429050720095e+01
7.462756303577356753e+00 2.846462581748687626e+01
5.569333228924707946e+00 2.245045864273990333e+01
8.237143448634576259e-01 8.767908976546749500e+00
6.221716256310811488e+00 2.096399969845619538e+01
7.578193499247612763e+00 3.035956781253490533e+01
4.375382177225387359e+00 2.206362971408403695e+01
4.974883531170308792e+00 1.830756601890799828e+01
4.745465836928946857e+00 1.517667966636157573e+01
1.414610082465869167e+00 9.224205343029819204e+00
5.486588505803348781e+00 2.318895913628527694e+01
1.057961295445616345e+00 7.305637150507056532e+00
4.874388874315462417e+00 2.277288011069551033e+01
8.451616904216040282e+00 3.773028806000969837e+01
3.251032162580781204e+00 1.600978673899314586e+01
1.125857765748644601e+00 6.926631751887237343e+00
9.171704591810309282e+00 3.230394101196034740e+01
2.754068717973434666e-01 2.174778176896792647e+00
3.608767414883130797e+00 1.617624750017002100e+01
2.580710170028761574e+00 1.623620392912212651e+01
3.287676519436938172e+00 1.762261055585333480e+01
8.105330084810224989e+00 3.260154076864088069e+01
2.662080219646342449e+00 1.510316637552592312e+01
1.882388231478748786e+00 1.228013850499696247e+01
7.605721265502962680e+00 3.124616219378556536e+01
4.896580799580096510e+00 1.864897288574611878e+01
3.327698649688570764e+00 1.438240536448101636e+01
1.852932420164311589e+00 5.449251462044141903e+00
4.135650688020207077e+00 2.034411625432859339e+01
4.349806457443794017e+00 1.720506618095006601e+01
4.693338327731984450e+00 2.204859953790769467e+01
2.893637692030673669e+00 1.212699295096111740e+01
3.109520190306168885e+00 1.484751201233294360e+01
7.350986238582624566e+00 2.813957189147416926e+01
3.209517781376556300e+00 1.415283935502418267e+01
3.520909297069777288e+00 1.674902104254899626e+01
4.938878938239243510e+00 1.981474929099288929e+01
9.946962498589687840e+00 3.885655637039013754e+01
9.412447117519475270e+00 4.115382036121707898e+01
5.671739530188606437e+00 2.473958201777011467e+01
4.243212040538757446e-01 6.908134565509774561e+00
7.872407714216156371e+00 3.147234220894203105e+01
4.204178490718920358e+00 2.131952978041099556e+01
3.897761221728216263e+00 1.721023550250111001e+01
8.451955592303461273e+00 3.379790099315690100e+01
1.963647207202070533e+00 7.431810639677941310e+00
5.733107290958994184e-02 4.976488506815441859e-01
3.380372716168138503e+00 1.729537445219449765e+01
5.042337962924325900e+00 2.086324935012426351e+01
9.868277755503937598e+00 3.693869409095764667e+01
3.270582739969520869e+00 1.668323626708312446e+01
2.248612381947341365e+00 1.255572080822929593e+01
6.723942691493355994e+00 3.000917366276228293e+01
7.557514445191654495e+00 2.810468296195618976e+01
2.055869767644475932e+00 1.230840252072525054e+01
8.960049539148604580e+00 3.382345935227286304e+01
5.788632217689637649e+00 2.586989343402908403e+01
7.693226152259400763e+00 2.955308293862648483e+01
3.741256247465724272e+00 1.589771505937266483e+01
2.282372427003332760e+00 6.843628865562832786e+00
4.283674409501001534e+00 1.663023744015137950e+01
5.174278671067670032e+00 2.141754651370755624e+01
8.346452310214843351e+00 3.431439816829716705e+01
1.001347034270907432e+00 6.024272381805314325e+00
9.661114195594644016e+00 3.696669176338501472e+01
3.785853000829658477e+00 1.489768706651173602e+01
4.828404391740437340e-01 5.217519203895863100e+00
7.836780649779694130e+00 3.022940920411268095e+01
6.114322319723086707e+00 2.515125868292768274e+01
4.063082726004225265e+00 1.710575656203517525e+01
1.763021633588008896e+00 1.374392110177616466e+01
5.249574464090938086e+00 2.055661276520907776e+01
7.740187729382494553e+00 3.399990884580721229e+01
1.886397438765780032e+00 1.347722377033018049e+01
6.163891349962814736e+00 2.465536734414641629e+01
1.407644896547367575e+00 1.106257474273961527e+01
9.035978395592431767e+00 3.849076820107051589e+01
4.261932137891793815e+00 1.700077555805080465e+01
5.164743852990000050e+00 2.211143164883282353e+01
6.223313881186877339e+00 2.285438089983098919e+01
6.863286860063466222e+00 2.541909250055858394e+01
8.271571499106663339e+00 3.226384785363487850e+01
2.066299607057093812e+00 1.194514941156768373e+01
8.148187587926177144e+00 3.079617848478502751e+01
4.107307067841570181e-01 8.069436094903318590e+00
2.056357165533221121e+00 1.465410859661279019e+01
5.113535356405193966e+00 2.272685925593193446e+01
4.278672100154907731e+00 2.156985685881393877e+01
8.746239159521895790e-01 7.973799334103748748e+00
2.196477599087564236e+00 1.083200823019475934e+01
6.606279571267413608e+00 2.548472479062720097e+01
1.573196076382876729e-01 3.506663797651711878e+00
9.618865168715878156e+00 3.953449599218526345e+01
1.335608889043140568e+00 1.201568240946785515e+01
7.590724739572427993e+00 3.018279632011024205e+01
8.313597083144852462e-01 5.433433743238971658e+00
2.969166586834615096e-01 2.409575516032966824e+00
7.274585655154358399e+00 2.823798359556923643e+01
7.949596036855178127e+00 3.292289464814685829e+01
1.399589838425505661e+00 9.035304107104906279e+00
8.897942762828542129e+00 3.759854342289973061e+01
4.298889945396933143e-01 9.013059405791359779e+00
4.356791313016344702e+00 2.150568423616975267e+01
8.062807212864274931e+00 3.271828172437879800e+01
6.013948921991721264e+00 2.332659068054546836e+01
6.861061232760667927e+00 2.822747172718770514e+01
2.839124467817388808e-01 6.129386963908293851e+00
6.926689760007784358e+00 3.182170244341043741e+01
6.759136488277902366e+00 2.909551426405430163e+01
8.635673532539943409e+00 3.635303946186753876e+01
5.050583113034176286e+00 2.057013445698763121e+01
8.433304846528567822e+00 3.661587909805840013e+01
2.216108325111174615e+00 1.107004243881784689e+01
6.085548539384543432e+00 2.470614296002938559e+01
5.444851476829751569e+00 2.073525314898102323e+01
2.297452107618393136e+00 1.072911219832782415e+01
3.656677446481044758e+00 1.322733644031239919e+01
2.585421528141655045e+00 1.436254351386612882e+01
4.613817171357657898e+00 1.908699094970448940e+01
2.825558301349666568e+00 1.232788279143179544e+01
7.410287127101719662e+00 3.300134633613046020e+01
9.427184647801166051e+00 3.345120828629441689e+01
3.885948332094000257e+00 1.736904216052083427e+01
4.997473517999303283e+00 2.022601708964846168e+01
3.782556296644790095e+00 2.023559729279236663e+01
6.212334375660860886e+00 2.596787595803837689e+01
2.968085893733255709e+00 1.448141953518135416e+01
1.383515645049605558e+00 1.058331257338742404e+01
8.310921339616050840e-01 7.965532779409658204e+00
1.026531744797571921e+00 7.669728608494668975e+00
5.487464540973600258e+00 2.222283332106562526e+01
7.527899082690775678e+00 2.940952968412323187e+01
8.767909263159504363e+00 3.371510388251008550e+01
2.281083392888266559e+00 1.245598348721696880e+01
4.918011127624934531e+00 2.189661638247160624e+01
6.013539315004336139e+00 2.712437883544725992e+01
6.543455263594212035e+00 2.696740838102528315e+01
2.821058950522124853e+00 1.358946849102931331e+01
2.061106792269339572e+00 1.201272470064336062e+01
6.173810204437033988e+00 2.593670302358320967e+01
3.288738886886596546e+00 9.634297674415797985e+00
3.201514629144105228e+00 1.298616459533366374e+01
1.179058806782401492e+00 5.624647698217177805e+00
7.097676084463047097e+00 2.873417536785786197e+01
6.576249640039524280e+00 3.043959321903762572e+01
1.704534464289586548e-01 2.378258649552477344e+00
2.503744124017845074e+00 1.181112377129371716e+01
8.383248585142244469e-01 5.238407864030221184e+00
7.452461151247790738e+00 2.870217405728982740e+01
6.905935993133855533e+00 2.658066187883608933e+01
5.382613554746117579e+00 2.051804864304420661e+01
8.199478871677410297e+00 3.371049705656302820e+01
7.482250959987275962e+00 2.915099377258678004e+01
2.157983191036574322e+00 1.303375382517025116e+01
8.512628934207024045e+00 3.382257565942600053e+01
8.518003612504857713e+00 3.526138907008176915e+01
8.778930808039596911e+00 3.237066476710410257e+01
3.880271002884945197e+00 1.518977806641282768e+01
8.594343103307842568e+00 3.285703317373348398e+01
6.464950868851945032e+00 2.702619160829701173e+01
2.735189637483355973e+00 1.243876568342132138e+01
3.429822939341118371e+00 1.696396506330448517e+01
8.025674774841215608e+00 3.333352574916745681e+01
8.728891305603388773e+00 3.305351448319679974e+01
5.302691351554262411e+00 2.275857196252785286e+01
9.820337113505168247e+00 3.671975067572383722e+01
1.153069407391473788e+00 7.312696942308552828e+00
4.091347201770134667e-01 8.033900762257372818e+00
6.369249586524836637e+00 2.754416438501294095e+01
5.216353508312216114e+00 2.062939861256523955e+01
1.852817791504277611e+00 9.677907307805893922e+00
2.071046663759583684e+00 1.101635431321037473e+01
8.614672552629675906e+00 3.430363656754975210e+01
4.557132597578227973e+00 2.172138680040064074e+01
9.681976944012275155e+00 3.750802435982649286e+01
3.704566786920676869e+00 1.566653184973965196e+01
4.927486864151450874e+00 2.170046043902596011e+01
5.794007571543834167e+00 1.999753280236632591e+01
1.459243513657875191e+00 1.168792846705792954e+01
8.715251721093173032e+00 3.407787859969601385e+01
2.291062199510017550e+00 1.294425060450209308e+01
9.615329411610673560e+00 3.715243431803162366e+01
6.330816302140862106e+00 2.918699632094249807e+01
6.869029972243408722e+00 2.570219667559604559e+01
3.513816070352278942e+00 1.897917290823602343e+01
8.161943967833801494e+00 3.220055883224247140e+01
7.232076771081422883e+00 2.780347773071625639e+01
4.940823197193964234e+00 2.087058717541023256e+01
2.727853585816760962e+00 1.524602162946434447e+01
6.536776024399809870e+00 2.671257969334696014e+01
4.246854519455467436e-01 6.954949902398790407e+00
5.415961306721569279e+00 2.411950275192612736e+01
5.753409015776094648e+00 2.247042236767568468e+01
9.482928240420475774e+00 3.446348902011976634e+01
3.198554455741815516e+00 1.411546033604364858e+01
4.008707279094785747e+00 1.793170389353698368e+01
3.604772762032078859e+00 1.584147523871205365e+01
6.821609063874386258e+00 2.467070922814241385e+01
2.953034616619691910e+00 1.450782492318928441e+01
6.044360094099548775e+00 2.573987064438427552e+01
7.303206884381215680e+00 2.930228234864123849e+01
4.504129136583192583e+00 1.795899571865010458e+01
5.763164629624039748e+00 2.121834492617035650e+01
7.903851388847254356e+00 3.225968744680091760e+01
8.044477761851997144e+00 3.249123254403519923e+01
8.689764556635534376e+00 3.565518956009622542e+01
7.904792935985748059e+00 3.348557434215440054e+01
4.588347163221190073e+00 1.915292550491508550e+01
5.790836621777206261e+00 2.905044241970143659e+01
6.658515110630256473e+00 2.655967769400373157e+01
9.866731892484004174e-01 8.141984718609373672e+00
4.454558205667177084e+00 1.613720211798151993e+01
4.202528272215579896e+00 1.610495035730019353e+01
7.653409738497650494e+00 3.014617298015123481e+01
8.910381553575817293e+00 3.463826591513421249e+01
6.439357125065714449e+00 2.977819847483722526e+01
3.544806538411680030e+00 1.586505441876841616e+01
4.850619741365374438e+00 2.259334501526961603e+01
1.535227553515424725e+00 9.457458462045757130e+00
4.599156764560707877e-01 2.104064056184008269e+00
9.024254383625510911e+00 3.636932826369701388e+01
8.423845013085465183e+00 3.372749823258845225e+01
5.489243604666205201e-01 6.663436300367631127e+00
3.178243750621165820e+00 1.361302503316714585e+01
3.572179363429406340e-01 7.412360879246273626e+00
5.510438328820513654e+00 2.365036062998484212e+01
7.142599879874691027e+00 2.600314318358502064e+01
5.037538371177721963e+00 1.926838421520623257e+01
1.096762367644462666e+00 1.249934396955255345e+01
5.365952051240828524e+00 2.068991462182966146e+01
1.587581715494079670e+00 1.246975561367757379e+01
2.311819191109454330e-01 9.356790203609133272e-02
5.713790339645940186e+00 2.172008909183346148e+01
9.848048759745303471e+00 3.798305371186737034e+01
1.550185752896289237e+00 8.984008138314582226e+00
3.081053073757966665e+00 1.712358008503197837e+01
8.435479274246956649e+00 3.307759818634457361e+01
2.616210516852579548e-01 5.859769077428905071e+00
3.017727542084676084e+00 1.429545671284393826e+01
3.392801416932813563e+00 1.648627299837767168e+01
3.660798210742375325e+00 1.345931843354851409e+01
5.858159426914929746e+00 2.511956106104660336e+01
3.402927501834347446e+00 1.981777303826281056e+01
2.441877780395041775e+00 9.908325582999493619e+00
7.964514179385141723e+00 3.187366864522826404e+01
8.011116336070498889e+00 3.192832963269609792e+01
8.364052026125426309e+00 2.984592390072743484e+01
8.573892581690408576e+00 3.268516061927480365e+01
6.975892393707800565e+00 2.972660626195945710e+01
2.159587871178940688e+00 1.301589069104601748e+01
8.006506008081013093e+00 3.439212930045856353e+01
4.662064900684269375e+00 2.003158848625658806e+01
2.703370731640597491e+00 1.195244261951923548e+01
6.771079219190171194e+00 2.604115090190688520e+01
8.391208602775803271e+00 3.383321340635763619e+01
3.840097510224764754e+00 1.872723656830851269e+01
1.228167872258868476e+00 6.839954004320622616e+00
5.320348056065576259e+00 1.933979073038278074e+01
1.219758744063149658e+00 5.362479198222282584e+00
4.618306231801312833e+00 2.288991028904026948e+01
7.440773099788442480e+00 3.103505322923204801e+01
7.618282022324245339e+00 3.018642537217047916e+01
6.866089702176070286e-01 5.468774639242770519e+00
9.851144901086628991e+00 3.766731233217219454e+01
9.539280727342413613e+00 3.971570580236252113e+01
2.012082475249050706e+00 1.438806705971574829e+01
1.553654404539632772e+00 6.784947749329194977e+00
7.239143951109259234e+00 2.909761717971788286e+01
8.949399634302118045e+00 3.959635318853203501e+01
8.244768721780969756e+00 2.711674906721934875e+01
9.755387522706877590e+00 3.966086022953675894e+01
4.641606656882279580e+00 2.471138793031451542e+01
7.850171286022654904e+00 3.090932693181839142e+01
6.256200769568032172e+00 2.585756573343136822e+01
4.382703171769756878e+00 1.724419225070529293e+01
4.983048393197449855e+00 2.043304169302697559e+01
6.178336229672988011e+00 2.427189721077444418e+01
7.592845431020911917e+00 3.226287287399169657e+01
5.567149583813102431e-02 3.476957644681634374e+00
7.702513061160903618e+00 3.044542119118375467e+01
6.158940337199977577e+00 2.747996698503733981e+01
9.343430383651403659e+00 3.601339480364427459e+01
2.871151056820939740e+00 1.894933183008545541e+01
3.233077205613295035e+00 1.445032366255642842e+01
2.684812079122790074e+00 1.329218071713131621e+01
6.421513524192542732e+00 2.182293710250096908e+01
5.877771386110040019e+00 2.678803522385768332e+01
2.526843932318581842e+00 1.472471985277216611e+01
1.802810412752499092e+00 8.782825829895362091e+00
8.320568868123940476e+00 3.185059869994419302e+01
3.668028175980576400e+00 1.679278999739061007e+01
1.583459309328303366e+00 1.020815552607765753e+01
4.845168657679510105e+00 2.376282567236082954e+01
5.123290852188474354e+00 2.402464881044584288e+01
7.710331758569488603e-01 2.432033839691981392e+00
8.827548977833512112e+00 3.366444567053220993e+01
4.892211248815488744e+00 2.208178115837522171e+01
3.202336832506746944e+00 1.567631989190963004e+01
3.641217632634292656e+00 1.625954379581280307e+01
3.703491194583165225e+00 1.858250251641500483e+01
5.246142502458327250e+00 2.468592322612900958e+01
1.562528101650586532e+00 1.094120934305085413e+01
4.952403631034663078e-01 6.755869737048640467e+00
2.184152705804435435e+00 8.632297143915119264e+00
8.832859687721786202e+00 3.543642205758388286e+01
2.633115855925427518e-01 1.688833769565829090e+00
6.644196390451607925e+00 2.835234387276000945e+01
2.257064077889373799e+00 8.832722112376101720e+00
6.528553749457493893e+00 2.728370601187504363e+01
3.436293367921108288e+00 1.522486861618452458e+01
9.865735239195383421e-01 3.662679263020803599e+00
6.903093905780037787e+00 2.967665635266804003e+01
3.485821149715163436e+00 1.461396103431319915e+01
1.052713591964643536e+00 8.045287526260946009e+00
3.984615100717444847e+00 1.643740358133941726e+01
3.956115994031078387e+00 1.542716476652214475e+01
9.466737364816579792e-01 8.272995668778525769e+00
8.526168099795510713e+00 3.616403557746588859e+01
2.280211437255705853e+00 1.402148021662291555e+01
6.053595385891662239e+00 2.419519020816797905e+01
1.887668712947198069e+00 1.347328898430899713e+01
1.009933151859960798e+00 6.719081091878187806e+00
9.876488738160316139e-01 2.821023924357294099e+00
4.285450600407205712e+00 1.875115292479022244e+01
9.733531327536901756e+00 3.250890722548204792e+01
1.614066873868723606e+00 8.102041771799465053e+00
8.632198657712194745e+00 3.696728954107685183e+01
9.396492246822647942e+00 3.447117434885956300e+01
1.762383839111671957e+00 1.271200339342872709e+01
8.831442949476514315e+00 3.387312299920866820e+01
3.158990745431325742e+00 1.437026270511250914e+01
5.118405719445816793e+00 2.083149434493879681e+01
3.654535587810536779e-01 6.470248470273558539e+00
9.114394745876680304e+00 3.492747976769137352e+01
3.102256132592518867e+00 1.512257811321724432e+01
2.060383931301222660e+00 1.126858588517551674e+01
8.978545420442264557e+00 3.512320655986867735e+01
1.873952070236687417e+00 1.399179224678406364e+01
8.388802708285584941e+00 3.255783821456047633e+01
7.117782493423598034e+00 2.853741515950654062e+01
1.020148639369230503e+00 5.894626405295941396e+00
5.330395630024846731e+00 2.355183766602597828e+01
5.828978717990414005e+00 2.368397105960005788e+01
9.908858972193163694e+00 3.822499791228351995e+01
2.948508682057736863e+00 1.431004071750272111e+01
3.542153306710396077e+00 1.723022004689875075e+01
7.826295757885014304e+00 3.496191601244909464e+01
9.746988852377832302e+00 3.838082928324125476e+01
9.578124893252864425e+00 3.968403799092025253e+01
8.052864061297771769e+00 3.252607486944776127e+01
4.309353390340553425e-02 2.555699347185645287e+00
9.345325995899049332e+00 3.702366166445195717e+01
5.817510169562973843e+00 2.429361914964649216e+01
2.098069214980973207e+00 1.332337294268340067e+01
3.154538718572459377e+00 1.332162320708269121e+01
8.798951179290892100e+00 3.314365634915375836e+01
3.553820729785992505e+00 1.536796063416016800e+01
9.322029377530480332e+00 3.885409585003684185e+01
3.385432317956830417e+00 1.890526499781075387e+01
9.032841297895780386e+00 3.415948758538958430e+01
5.580572182920089830e+00 2.299793155237081876e+01
8.787587632219235445e+00 3.509021497685480284e+01
5.334126527548268548e+00 2.272659024874210587e+01
1.654943621567206424e+00 1.119564541908865962e+01
5.336501579112441718e+00 2.335435508828069118e+01
1.214756279428348407e+00 1.013834496115637585e+01
4.373087844838656757e+00 2.429191972551049616e+01
4.998247604261517374e+00 2.398329254838423097e+01
8.408083050849873175e+00 3.689139492471817761e+01
3.773685369097882436e+00 1.408217096211753372e+01
5.925959587974495513e+00 2.125833626990451108e+01
7.736207621122265010e+00 2.846118741259816787e+01
7.417385849290218935e+00 2.658059985432726791e+01
9.661236626534087435e+00 3.753921945999421439e+01
5.953304755093521194e+00 2.336966622709197949e+01
3.722691408242699840e+00 1.652210632095201959e+01
6.311534693731236878e+00 2.759534693166422059e+01
1.303030322073638336e+00 6.967159719154215836e+00
5.903345185008490148e+00 2.333921803987614396e+01
5.968085562512749576e+00 2.675520544891995556e+01
2.049412238368174322e+00 1.022492318073262751e+01
8.517403398535812187e+00 3.529090468442616668e+01
7.045516722990260661e+00 2.526658960081401517e+01
2.663933847456302573e+00 1.108357174334743078e+01
7.540661916059411496e+00 3.208567413055052953e+01
1.416110319295063036e+00 1.072615913915348607e+01
8.901904999721178768e+00 3.487466023167318951e+01
8.896276368319837147e+00 3.529653724808992621e+01
9.559673820273925315e+00 3.643249925303339154e+01
2.073983628667112278e+00 1.092396636330328619e+01
5.367824168327640422e+00 2.384294775801568278e+01
8.716082478482739759e+00 3.385710416210452678e+01
8.288806446907241110e+00 3.226719598189551874e+01
3.471950205274521029e+00 1.659376834239663268e+01
3.443421543493052628e+00 1.852682760273299678e+01
9.653248746614993436e+00 4.024931926308827457e+01
7.256143619049126414e+00 2.739976629579202694e+01
9.229175903194596131e+00 3.553703412187171295e+01
9.393561379458608585e+00 3.908803748014759094e+01
9.609487078799126891e+00 3.782692077977822009e+01
3.674098999020891654e-01 6.882661136070192143e+00
8.295076220522538790e+00 3.649149406832002285e+01
7.082073360549586027e+00 2.818510060559935582e+01
2.674165355180285530e+00 1.222382222836714938e+01
5.396704407788076807e+00 2.346558296900417773e+01
4.320780240545820661e+00 2.466506132311032573e+01
3.338166090035570299e+00 1.497155798447103159e+01
3.427348614415182126e+00 1.631610941779911883e+01
2.041278599428297813e-01 2.696163266609042264e+00
3.588263954220161978e+00 1.649823708339785000e+01
8.689823478852344962e+00 3.429972592581037105e+01
8.040213506877533334e+00 3.282089765965483252e+01
6.115820514383431217e+00 2.332559586087372949e+01
9.092763075727670952e+00 3.614446376895656243e+01
6.570892912329963309e+00 2.748755142175008359e+01
7.102866755456052061e+00 3.040831171427440793e+01
9.375966232113384535e+00 3.816794543707685250e+01
2.432989535464358255e-01 3.319305695073566209e+00
7.609653491645502754e+00 3.039706436760853947e+01
4.320042991149501965e+00 1.846617276989834266e+01
3.317415043286620069e-01 4.371521529835336040e+00
3.502607529872304504e+00 1.513692167942602751e+01
3.585898676452111467e+00 1.664906361931043577e+01
8.152089678005831175e+00 3.260851571794400172e+01
4.029734607174578542e+00 2.044866754746548665e+01
3.924515534890816504e+00 1.657084893614465315e+01
8.255212373288905781e+00 3.315563208039058907e+01
2.176292824861021380e+00 9.674095213051094433e+00
3.425691652559551770e+00 1.510443922645787929e+01
9.774355718896048373e+00 3.866013798913797928e+01
8.343514403990093697e+00 3.404731965764162993e+01
3.870416198529893492e+00 1.584765852972808808e+01
3.174999167892572416e+00 1.358522369024085563e+01
5.490037261038142269e+00 2.261435661422316201e+01
2.421626876415672314e+00 8.814805510777969033e+00
1.275051860717701935e-01 4.096198451880197489e+00
7.433980969357769197e+00 2.776133706348489838e+01
3.292082446975018506e+00 1.571339102089237016e+01
3.193238559254563125e+00 1.387675747764501466e+01
6.585063634683402611e+00 2.715150324672094939e+01
7.147949344243565761e+00 2.877821254373745674e+01
5.064592949849733294e+00 2.171250393955646274e+01
3.250312133200360165e+00 1.347935740327012688e+01
6.788976859107177297e+00 2.916099346215218802e+01
1.193293412567615341e+00 6.386474171150305246e+00
5.688339615613021927e+00 2.143673118450331572e+01
2.171248271561169396e+00 1.269440250204263521e+01
7.081286785710265264e+00 2.981398901245110267e+01
9.439554076975198882e+00 3.638352301146848333e+01
9.543663400884194736e-02 4.178009255196600158e+00
3.190531638917057045e+00 1.445039739232753107e+01
5.794740350997732214e+00 2.452325432531235094e+01
2.098469537392736228e+00 1.192716993173381290e+01
2.018074872001339948e+00 1.209359082713273992e+01
3.137794653138729295e+00 1.662030872494107214e+01
9.242481916155862010e+00 3.527786863238441128e+01
3.544800736156958898e+00 1.841057247113055695e+01
4.814049666941477845e+00 2.265350850559276097e+01
8.444519649044838872e+00 3.580593149685677190e+01
7.465730885904387826e+00 3.003535323943636826e+01
5.972440711176188799e+00 2.540382335742647157e+01
4.578170846186935261e-01 8.067951911893871397e+00
7.159778965636602877e+00 2.818433980063398536e+01
6.034584091571719711e+00 2.507980194704809307e+01
2.115966477982792249e+00 8.914067015164109264e+00
3.926408072371656566e+00 1.711637673669493864e+01
7.946768650752094487e+00 3.027301549108710432e+01
3.456665041401538740e+00 1.304007738956926232e+01
7.021345302411981848e+00 2.932362986561630080e+01
2.119351576781479451e+00 1.116461761974057687e+01
3.455601773237779728e+00 1.556905005730425806e+01
1.541051250816333207e+00 1.451226804109252200e+01
5.991968562111349428e-01 6.658970110875940485e+00
4.787084321738364956e+00 2.337057091797105812e+01
8.407820802763765755e-01 6.651732452798532869e+00
8.932055220270067153e+00 3.814200312420964423e+01
9.476486433956360145e+00 3.912723083022147819e+01
4.446053138943920402e+00 1.693306516928159766e+01
8.787930231433600525e+00 3.677258982829498990e+01
4.414956391865336727e+00 2.035753421947876163e+01
7.574124271891127691e+00 2.948980135241215095e+01
4.508687457498802509e+00 2.046442940751697748e+01
4.702495730834633569e+00 2.260818143895999910e+01
8.922500008825695161e+00 3.436781483191072084e+01
9.594235150173007654e+00 3.702475877461235854e+01
8.477308542101798849e+00 3.264379836959786019e+01
3.049217425781204582e+00 1.547466810583669172e+01
4.530710306349979177e+00 1.711622060374375920e+01
9.474253661736330656e+00 4.156375383450441774e+01
4.938756662221067906e+00 1.751673693846653634e+01
2.415604176250045754e+00 1.285191584428071643e+01
9.972884899116721158e+00 3.527808780706249081e+01
4.348516381953406729e+00 1.888592140914134987e+01
9.763958202874395198e+00 4.067393452612375171e+01
4.092834108096119472e+00 1.461249853708622126e+01
6.830546774643876162e+00 2.372436312944058301e+01
9.067212901185186524e+00 3.799976646811283842e+01
9.394739549904757681e+00 3.905832725065763356e+01
4.480690624453245618e+00 1.951334863016444032e+01
3.104754428176911496e+00 1.693916071365608289e+01
1.131450122769243061e+00 8.923843094041123081e+00
9.818478415037025897e+00 4.014051144884953004e+01
1.182567255152002783e+00 8.935804553642206827e+00
6.287906249237336986e+00 2.695538991133737738e+01
8.613318964217466345e+00 3.490993494913770689e+01
9.188044247102794770e+00 3.754326287815250396e+01
7.815036662745700191e-01 8.581744636544012650e+00
2.990366244487323577e+00 1.375815111428453186e+01
5.665991029168178983e+00 2.241575323264082442e+01
8.114871510774808172e+00 3.412180998687429678e+01
1.811169535620847926e+00 1.241186301925989000e+01
9.800890810525984875e+00 4.016881342771607422e+01
1.008392387371472854e+00 8.935661998270591155e+00
1.201414796793220940e+00 5.159170021331130229e+00
1.672858152734434389e+00 9.503487086178379784e+00
2.891486581033158920e+00 1.452020379580237197e+01
6.860160806688614166e+00 2.923649550486464221e+01
7.562954485314188346e+00 2.924149678785091311e+01
8.425889181498014580e+00 3.303689589787175152e+01
2.635324360366352536e+00 1.277568005298591203e+01
1.656155413761646322e+00 1.247425052889531827e+01
3.894225274414094606e+00 2.024338033129241410e+01
2.394633032049141796e+00 1.268843948328733440e+01
9.573235329997586973e+00 3.738605413687704981e+01
3.218782016233340038e+00 1.391607943092045474e+01
4.699435014606219596e+00 2.109768331141686204e+01
8.490859552955896561e+00 2.862064254068078739e+01
5.973233350401017994e+00 2.258981883174348582e+01
4.867941987973596341e+00 2.077406498546591251e+01
8.718537906347913591e+00 3.367654608889345980e+01
5.455970950396848984e-01 3.344928107613522439e+00
5.594533812351585311e+00 2.493413247895638918e+01
8.645763709206144565e-01 9.414204855702566377e+00
4.433113678125025992e+00 1.937530453308388445e+01
2.989224682585520654e+00 1.437870327432136897e+01
8.529325338507065535e-01 4.064218470464338928e+00
3.994744135662298135e-01 2.808427895432102250e+00
1.747252614033950602e+00 1.184009840355760090e+01
1.642390161348830091e+00 9.155011846677563625e+00
2.940877057850816989e+00 1.156646131618527029e+01
4.044283910155709094e+00 1.743860695631796887e+01
1.140486123008177533e+00 6.033663097450951973e+00
3.956215154868247819e-01 8.544774984793260586e+00
4.631610166525516270e+00 2.440147845879281618e+01
6.653636769862636413e+00 2.861108124964482613e+01
2.029343967561097806e+00 1.380493430164738200e+01
6.858650389624421084e-01 4.138727714050665085e+00
1.845894260302521905e+00 7.404143593808887758e+00
1.350319378327821118e+00 8.901076420913900833e+00
4.617206375102604454e+00 2.066151698556983973e+01
8.784387340961508084e-01 1.035388985855662369e+01
3.003101642367641766e+00 1.351583661790650481e+01
4.902227820791412505e+00 2.047391918317615733e+01
6.056317154930126456e+00 2.510038439784813491e+01
9.194352212829514315e+00 3.644519489195453588e+01
3.610807931816811589e+00 1.695425356973500897e+01
8.845150881835765588e+00 3.339173973704785681e+01
4.697713547480581120e+00 1.880066463844660518e+01
6.353696755210396674e+00 2.673914181245065080e+01
1.966720415986914494e+00 1.071452352416053699e+01
2.470797605650033368e+00 1.360924789206356067e+01
7.732746977596931970e+00 3.101801650341929673e+01
2.724698084165798839e+00 1.530040902937335190e+01
8.521258022833730905e+00 3.199642361858457562e+01
9.702879369919850561e+00 3.663328920995643756e+01
4.499120231702030459e+00 2.430980345252944375e+01
5.553014244088362972e+00 2.110206428343298768e+01
2.169176532143657354e+00 1.100760131703772693e+01
1.241185616795292823e+00 9.690457452864245980e+00
5.801989855663491902e-01 8.621787095085867492e+00
6.573657619423713072e+00 2.737667604758052775e+01
5.614753981267226024e+00 2.667257257268104809e+01
7.435638192305323635e+00 2.862452023944090840e+01
2.559438627835708413e-01 4.528455711996279831e+00
9.864800175207339095e+00 3.745597981683621214e+01
7.013899832647675581e+00 2.842988882389040484e+01
9.612263572665067812e+00 3.620337841511776844e+01
6.177068885164549439e-01 3.749894956563390114e+00
1.534071431376823336e+00 8.339415488313056457e+00
2.779469850535656317e+00 1.641081243442349447e+01
3.318016087888656429e+00 1.682533705183397643e+01
8.965847934674553432e-01 1.065203426931611830e+01
2.299255697490680816e+00 1.455738037656699646e+01
5.835011955789015659e+00 2.430657995206627930e+01
3.440103257996010910e+00 1.400964387943816547e+01
6.063496681952863732e+00 2.434382289286281065e+01
4.449389102715279876e+00 1.698301707897177337e+01
3.068471256045214091e+00 1.156376824655476199e+01
4.808785379220958944e+00 1.910188900973536619e+01
5.250386032238212763e+00 2.009432504544663800e+01
7.873221294616378430e+00 3.381201504997994789e+01
7.408535137872195975e+00 3.174955970896094826e+01
7.399597174393121257e+00 2.931674587956548095e+01
7.028115880006041927e+00 2.470219629463696265e+01
6.698164706394354795e+00 2.693761322479196352e+01
8.643697419372726287e+00 3.728821572915838090e+01
5.069378449690640664e+00 2.226126245289167827e+01
6.493798096560246869e+00 2.295357987722725923e+01
7.500270602710311429e+00 3.158444683942629894e+01
3.840225541349405525e+00 1.739360441337467122e+01
6.467007582039956404e+00 2.705593131881704849e+01
9.976876541784896801e+00 4.497921088124805067e+01
7.714814861058510331e+00 3.492571505325481951e+01
1.294996999852637831e-01 7.508443368211380253e+00
6.954116039408693162e+00 2.727196804469143032e+01
5.367412912957369109e+00 2.049361195692057791e+01
7.258410407651240348e+00 3.262245267934862625e+01
7.467763662417966408e+00 3.082276923222918441e+01
6.072178890946767993e+00 2.475531401683379329e+01
7.693359553453102073e+00 3.269017665881959545e+01
2.475327482787674782e+00 1.473213234167532093e+01
1.970075107424273941e-01 5.679269874975652499e+00
5.180397660898694578e-01 6.845441842795302989e+00
3.496721298896368957e+00 1.836707160198157140e+01
2.070632405974337509e+00 7.037967908390682759e+00
1.138440064443365651e+00 9.519288563149686411e+00
2.450388526850046933e+00 1.336338637740649915e+01
1.875565223612331023e+00 6.844800607490606481e+00
9.957188138483349604e+00 3.863736614434807137e+01
6.094515530242516910e+00 2.479397649554208982e+01
9.977406618972132435e+00 4.079984360079165384e+01
5.048874333995300390e+00 1.898512365645976985e+01
5.715530244862017994e+00 2.624158887965197451e+01
2.583711265236011911e+00 1.067383292283659380e+01
3.705266546932464156e+00 1.953812383454616963e+01
9.156064799510398089e+00 3.450390355032732259e+01
9.159569224284700439e+00 3.873765600297776501e+01
4.294236750936240909e+00 1.858033846299615988e+01
7.466674011449423887e+00 3.046898506758837755e+01
1.599016434954695365e+00 8.388524828001431288e+00
4.430181913283268713e+00 2.011494043764222539e+01
9.729443810715919128e+00 3.573108549194658679e+01
6.522774599075659374e+00 2.345643141478772975e+01
7.369509473088317719e+00 3.163989312006651033e+01
9.480872067575473849e+00 3.689489267008180207e+01
3.764898966866359942e+00 1.612056683600313178e+01
9.288717982928174077e-01 9.555592781323248630e+00
4.886886987556082751e+00 2.274433705737214240e+01
8.996359492584458550e+00 3.165250675180763551e+01
9.307306805268670047e+00 3.719087878817195758e+01
4.963192413430256522e+00 2.139670175365832350e+01
7.631169293329065351e-01 4.908121261478973985e+00
6.857146596117167370e+00 2.784187709104667974e+01
8.745391295345805727e-01 8.979111534002573336e+00
6.777847108513079810e+00 2.732583255084832885e+01
4.644718022062849450e+00 1.943230873598804820e+01
2.088981455731424575e+00 1.041981525642847295e+01
8.680084967245527139e+00 3.522994763051701028e+01
9.468845603517234366e+00 3.797759445077071661e+01
6.085959305243537010e+00 2.358981004450595620e+01
2.260497183833158896e+00 1.065039625142479629e+01
8.880788744728684847e+00 3.408746792998298503e+01
2.219599837662427966e+00 1.064181628786792544e+01
8.445098226760517690e+00 3.012209788463863092e+01
9.820106447278186934e+00 3.891224744639307431e+01
7.931727440382958960e+00 2.919690949849985628e+01
9.780951234148625772e+00 3.344850472605835989e+01
7.167076570086686971e+00 2.857377003892366574e+01
6.857564268192382073e+00 2.675188909004761229e+01
7.597592686659697669e+00 3.172055437877022399e+01
5.083135497635307587e+00 2.382963978156890761e+01
7.363775248665556106e+00 3.095985427176607274e+01
7.588040241098170213e+00 3.266220796987470720e+01
8.778433985508382609e-01 5.525859154272381168e+00
8.441653800110200834e+00 3.506661953561512490e+01
5.728397607821920978e+00 2.415146944299448961e+01
6.090138730069428519e+00 2.652091013181732038e+01
2.522372915288364492e+00 1.172994050738325456e+01
4.530963078556045076e+00 1.826198227329039625e+01
5.805165547068766863e+00 2.392224691941556713e+01
3.918641121754926626e+00 1.982560805861090358e+01
4.279416328367275035e+00 2.031856687210863655e+01
3.268023227886418525e+00 1.517163081954029202e+01
2.113862572294769038e+00 9.803386372176428054e+00
1.706543447400155067e-01 2.701838075203000678e+00
8.387497187195078752e+00 3.692674800994209505e+01
7.738136068778752374e+00 3.184917769315050151e+01
3.186355326768075535e-01 5.911431024220993535e+00
9.267480402627160885e+00 3.415819062303798148e+01
4.504870068985740161e+00 2.059451778576886127e+01
5.576037008655585936e+00 2.450473449211238730e+01
9.272739515860807913e+00 3.656776240025743618e+01
5.639609788655834954e+00 2.439473287412384295e+01
8.148434197024421621e+00 2.884507268915439937e+01
8.273716172843925687e-01 8.444271366455895489e+00
7.631199925078385959e+00 3.120594248103354573e+01
7.105279824594309623e+00 2.721773036660094647e+01
1.706964558915577967e+00 8.545329744449478682e+00
4.659475571311466613e-01 5.774147476458742823e+00
1.586373061675410145e+00 9.134129007566516023e+00
8.583197592364511408e+00 3.229401864846444425e+01
3.448263311248866980e-01 4.955296101150286070e+00
2.122610159719960699e+00 1.772989376833394459e+01
9.817042864508083611e+00 3.948511824362338274e+01
9.569775074997910469e-01 4.885542486140740159e+00
9.996159741953180244e+00 4.007509356269739698e+01
6.459754693164040162e+00 2.735573726197939948e+01
6.039224443267309006e+00 2.574681284895539690e+01
3.975179021352284181e+00 1.770685027695875746e+01
6.069425091901310410e+00 2.649511498016434885e+01
1.465583006665263088e+00 4.476887301145806575e+00
9.665207155614409018e+00 3.988232187276740603e+01
8.337115800562717283e+00 3.024451449328427088e+01
1.296308338959210049e+00 9.219214408176149789e+00
4.811873560415749651e+00 1.961498993062336993e+01
2.681932957769224135e+00 1.414380058663032003e+01
9.906824380913890948e+00 3.781682891263108104e+01
4.221769894390964950e+00 1.551517298399378930e+01
2.602362185233997316e+00 1.297902729063183358e+01
1.231425531714748223e+00 8.569545426510824626e+00
4.036815208890218720e+00 1.932682489771780610e+01
9.928195311126202682e+00 4.396769920580395308e+01
4.892575919117651218e+00 2.012566903267691742e+01
1.673455714015457119e+00 8.374157183927119164e+00
6.163707805245544069e-01 7.429496685403427669e+00
4.079364704912574524e+00 1.731506282019019238e+01
4.769277536059419731e+00 2.050521048659067702e+01
4.275564108357910342e+00 1.719033345135299484e+01
3.988406107231670106e+00 2.015886715532776208e+01
6.276122514710183786e+00 2.675000349289941681e+01
4.894880884102333241e+00 2.362749246425023841e+01
5.612318683329048596e+00 2.158821382047725734e+01
9.603645445378203860e+00 3.506994348209232726e+01
2.601767624711960103e+00 1.006389491986962348e+01
6.037985803693253217e+00 2.992935701846840502e+01
2.804419376312174972e+00 1.541441714293674536e+01
9.334866495710084422e+00 3.549535522136422117e+01
1.053781041063537316e+00 7.501145707620990422e+00
4.931863662785382907e+00 2.023575075238577980e+01
3.550668013419505442e+00 1.586878793400970089e+01
2.401808820958960311e+00 5.565558750650320796e+00
5.298281802751210634e+00 2.026266142344747223e+01
6.256508117718780682e+00 2.516202970969499120e+01
5.923570455748911279e+00 2.369860374799353764e+01
9.308795967523726844e+00 3.724764565204420563e+01
6.439391015160662590e+00 2.547157041709349912e+01
6.161810664912304780e+00 2.506969321693989983e+01
3.562348473511340874e+00 1.441184145788118798e+01
5.954697141495852719e+00 2.443146642024246873e+01
8.804035809545043278e+00 3.458900798442810753e+01
3.289332964891877875e+00 1.637645708868103256e+01
6.208475547522085414e+00 2.078100350068849167e+01
1.384332522109052999e+00 9.892116785273584512e+00
5.628460098394784339e+00 2.237223888869302257e+01
7.821183228219673822e+00 3.052836932730988195e+01
8.959080376787575961e-01 8.694701988768802181e+00
3.434841889774351564e+00 1.758173047617435714e+01
4.296191008288769098e+00 2.076018467894176212e+01
2.674428195342661851e+00 1.128912252305084429e+01
8.310109427641743096e+00 3.612610290366887966e+01
7.352860245497202740e+00 3.173281306834164184e+01
9.143601591782616111e+00 3.514398890570319622e+01
6.272022174634966696e+00 3.006525956107764230e+01
6.733330850777710985e+00 2.810980085676946416e+01
3.619601457309008730e+00 1.643911691003170716e+01
9.752715697653171034e+00 3.948310767703060264e+01
1.527321458415740185e+00 8.565323258721692312e+00
8.741833090089853542e+00 3.657570417290329345e+01
3.549116180600648818e+00 1.510034129054169760e+01
3.426147498983468154e+00 1.366092372383416986e+01
9.026018417478725908e+00 3.541265741906847353e+01
4.081089817052710345e+00 1.549148100309298925e+01
4.627989449433292712e+00 2.325013283418194376e+01
7.725456168887023800e-01 6.896563063788391013e+00
1.112067481735304897e+00 9.489181883227951531e+00
6.908293396747906101e+00 2.688131909697797539e+01
2.505841419009594340e+00 1.475264753990064293e+01
5.242911273731412081e+00 2.566458428734521391e+01
7.859147499666960357e+00 3.310369710883512795e+01
9.451024885346722471e+00 4.156596706709569133e+01
5.454984420410303514e+00 2.296256946092109175e+01
3.177980927759873619e+00 1.679942145193817282e+01
5.669686644660950847e+00 2.754298571494241088e+01
6.427244588070281317e+00 2.867786411308005867e+01
5.459858675477770262e+00 2.411246758874149165e+01
9.192493170927486190e+00 3.904183123539323219e+01
1.417119563508082436e+00 9.568598299764616399e+00
2.010294444668923042e+00 7.850389980753297081e+00
3.186202320247126796e+00 1.629144683480367917e+01
1.074760852319602833e+00 3.284758913368537314e+00
1.684402944861144169e+00 1.117776728333966041e+01
1.782458522320463645e+00 8.766167767056590066e+00
5.139054327494914531e+00 2.207417215151582823e+01
8.642520840839306828e+00 3.583324828924303773e+01
2.805445487095008517e+00 1.360501082665162009e+01
5.206536540730599683e-01 6.627745116439039741e+00
5.761236915099264166e+00 2.388113002794028361e+01
3.437940953840876723e+00 1.575126067599716251e+01
3.404582547578960394e+00 1.697489476904417671e+01
1.121696987770723908e+00 6.580503381519051231e+00
3.924996061684148607e+00 1.696359475092743452e+01
4.536706622759726137e+00 1.792468260646746359e+01
4.305344222599182480e+00 1.978529346012526702e+01
4.770085468326248801e+00 1.832922044689318497e+01
4.898228042289405337e+00 1.888651234106425392e+01
1.787590249331076908e+00 1.023086547164142956e+01
3.792921570141876142e+00 1.282721526247933141e+01
8.738922769460822693e+00 3.436046676281195289e+01
8.606348483580134712e+00 3.503354180889317604e+01
6.011097911940367133e+00 2.830729017658735458e+01
5.698366654947952803e+00 2.618232229964725377e+01
2.071038529608104639e+00 1.097416644100323779e+01
2.563856071094531508e+00 1.219700150434743513e+01
6.334991911598951475e+00 2.382115233399246534e+01
3.389254446006240151e-01 4.199377429435923403e+00
2.497268656112344942e+00 1.462999278632616651e+01
8.860414489552905337e+00 3.612137262578053765e+01
3.174838879069086239e-01 4.309949936345759625e+00
8.763420949965391671e+00 3.634550625753555408e+01
4.991795576229755227e+00 2.439202065930085439e+01
3.570708020454102183e+00 1.631046129181024185e+01
9.387015694496319895e+00 3.644123087352052437e+01
7.334659167672812785e+00 2.929030038360921750e+01
7.746345374536566908e+00 2.649180714723762975e+01
9.990688534481863670e+00 4.053698487826181918e+01
8.622102255756963984e+00 3.713685214304737769e+01
3.383800274447146261e-01 6.138648149443207025e+00
4.017645802947504841e+00 1.813243765640112670e+01
6.499075718260399981e+00 2.641657894980727406e+01
2.482971897025099128e-01 2.448345533763832016e+00
9.762025207476032307e+00 3.500107078310566067e+01
2.549779734811782106e+00 1.607478891763192763e+01
2.055197047459609294e+00 1.108889405795986960e+01
5.038556083595016943e+00 2.170648318418676581e+01
7.200591561487224013e-01 9.431926776779366861e+00
3.749753975974383646e+00 1.778343778697445288e+01
9.872627482426786116e+00 3.748321745362252955e+01
1.398281969067015629e+00 6.211220777770142476e+00
6.498928382437918927e+00 2.567813881563539269e+01
2.228438447289872393e+00 1.158372172608805428e+01
2.928107715259593569e+00 1.508642274031428165e+01
7.433695650527294418e-01 5.224919758663695291e+00
5.515630485067415378e+00 2.228908212032393621e+01
2.444575481602608846e+00 1.482176789057046484e+01
7.260126855862235828e+00 3.050644926510182131e+01
3.354027988873239607e+00 1.592068457806749926e+01
7.126798158735011768e+00 2.840013243654943409e+01
7.833348502403532976e+00 3.303418299801218438e+01
3.793011272810180579e+00 1.792400357028730085e+01
1.042064885432867349e+00 4.743826153184306449e+00
4.216740726006856121e+00 1.915633437017745422e+01
9.117607011661387872e+00 3.526174646804602020e+01
1.902296283740306793e+00 9.519744531653074660e+00
7.876118157082371951e+00 3.230818829077509946e+01
2.075347967358566414e+00 9.987539335149410391e+00
4.961449557117443732e+00 2.368555363411723746e+01
2.126511439762108768e+00 1.357462726034852807e+01
3.884353937463778106e+00 2.033557790931186204e+01
4.823666079096695647e+00 2.288643941690509465e+01
2.125638867771187712e+00 1.052744933411107020e+01
5.797915959723818347e+00 2.267365604161119208e+01
4.035481016896396156e+00 2.121272151883750823e+01
6.273033325988150111e+00 2.113753521964315141e+01
9.160676575226432305e+00 3.982400830603556585e+01
3.215625013593133907e+00 1.337178875045916726e+01
7.325239654135254241e+00 3.257664151673299102e+01
6.462315989454698872e+00 2.561895045314469854e+01
8.294884507893844017e+00 3.395463722711161125e+01
6.624841478279229534e+00 2.641720467269871619e+01
7.402780779425914837e+00 2.811658653718277634e+01
4.686026876993012458e+00 1.815339738780524570e+01
5.073080845086950674e+00 2.469237828794046408e+01
4.638921337134441103e+00 2.047834158108897995e+01
5.255941264978359229e+00 2.021507919074212722e+01
5.009967999733095922e+00 1.904008292360409982e+01
1.247963440141337532e+00 7.392434678166369011e+00
2.613830069406009038e+00 1.471568768730471710e+01
2.157875501498600634e+00 1.188851056422904406e+01
3.188488251516219396e+00 1.464107069797473137e+01
6.389212433596983765e+00 2.644818243184566597e+01
3.582012127033689985e+00 1.728516034081137676e+01
3.286725394952471291e+00 1.634754162910644126e+01
9.997121561735154316e+00 3.671680486456786952e+01
3.388422644604534018e+00 1.492819635676189982e+01
9.757010205229866173e+00 3.847958508899402830e+01
5.681100899932438608e+00 2.345495062003150366e+01
4.724227585003307972e+00 2.309111288256150374e+01
1.532005643023015562e-01 4.294515035224432786e+00
8.223566377569690999e+00 3.044243515657325361e+01
1.475622517042143311e+00 1.269803050695419877e+01
4.400888908190184523e+00 1.526770131875116832e+01
8.308253877999467463e+00 3.393376508339274267e+01
8.596862671660282729e+00 3.361904630489653556e+01
9.572616846424660153e+00 3.550133411091158564e+01
3.102039610045186357e+00 1.254400814557453359e+01
5.809385882716289196e-02 6.499813001694743519e+00
6.123026618064236537e+00 2.837406816540327270e+01
3.019158276605756974e+00 1.329497711061769927e+01
2.185031756752712440e+00 1.249879312475046689e+01
3.037809715182924197e+00 1.460944215506252419e+01
7.998045514794064559e+00 3.366204612089178028e+01
8.003968761923129449e+00 2.977387255996152149e+01
4.192870972338200275e+00 2.061206257058022118e+01
2.786822210098682806e-01 1.981714220695551365e+00
8.645766410101716204e+00 3.500350175920399920e+01
6.568610622041910929e+00 2.806083203078030763e+01
8.466459671822173405e+00 3.045097082876073102e+01
5.112317640531268026e+00 2.428716658303694231e+01
5.655486952426015179e+00 2.373413103927514811e+01
5.163590247467375605e-01 5.056133274432358604e+00
1.907109679572244199e+00 1.402017649926147769e+01
6.574537084051080171e+00 2.505925050847945812e+01
9.936564170888589231e+00 3.387468630011242254e+01
7.103384048399102646e+00 2.867362683615468555e+01
2.287940236933792004e+00 9.222978379183494724e+00
3.139896556185335363e+00 1.376681801718487641e+01
3.895544984221045226e+00 1.807930859365825782e+01
6.994296261991762798e+00 3.012259148275403220e+01
3.907339239191538471e+00 1.610350421134875631e+01
5.323807457405122179e+00 2.071948343332534037e+01
2.882585203910040583e+00 1.418619017910957858e+01
7.063921340989114839e+00 3.064318312048962767e+01
9.613799672562700849e+00 3.817367460543633229e+01
2.702134447682985829e+00 1.386563129180471954e+01
1.621489246457886724e+00 9.129413414303051866e+00
4.000600158137967988e-02 7.252812526289880601e+00
9.658948200552623931e+00 3.701257827633742181e+01
7.055867347020488012e+00 2.591468839176207695e+01
4.467624011072065748e+00 1.697640466024049033e+01
5.992623478443892537e-01 2.623789983867755637e+00
8.508797340552066046e+00 3.492018716428979275e+01
2.135219849535982206e+00 1.351781541005681220e+01
8.856018879812861400e+00 3.240648655827877889e+01
4.854677564799202649e+00 1.864126522885349857e+01
7.112330174847580899e-02 2.467293753994526995e+00
6.524685741429966157e+00 2.565879972731790915e+01
8.803799312304605440e-01 8.678788798951533323e+00
6.167901250936125734e+00 2.846605775432730923e+01
3.175008948466929937e+00 1.205291050971180233e+01
5.509568997614432639e+00 1.876332272343064744e+01
8.024549991198318466e+00 3.594073829753023119e+01
5.234650294935216053e+00 2.020438218114612994e+01
8.141590825115075702e+00 3.321242853050348032e+01
7.493311520256366265e+00 2.929036246567714130e+01
2.920540835118079492e+00 9.940023118475307840e+00
9.219340619046368701e+00 3.545413849594723388e+01
5.416488105857654389e+00 2.506800522080558835e+01
8.775159456553881299e+00 3.625419212009100534e+01
1.959883351151936459e-01 6.988569182258967061e+00
2.072402025705852857e+00 1.001661209940930064e+01
2.244132591773339236e+00 7.292920744375117614e+00
4.541871842126176340e+00 2.256402127411621095e+01
8.177155692371995244e+00 3.292789188400897160e+01
3.182433674201904594e+00 1.193254880961089626e+01
9.246712835217556048e+00 3.942049895016435102e+01
1.473932620145493866e+00 1.123281944605949079e+01
1.568735752882973733e+00 1.139212852136952137e+01
8.170292765244020927e+00 3.202935700034130662e+01
6.723407484767846221e+00 2.966070339047773174e+01
1.149058992924775202e+00 5.015621409917457640e+00
9.992864557696783834e+00 3.762238975966182863e+01
3.905722419321398853e+00 1.471012237755914143e+01
9.627505167002828657e+00 3.545024285905985550e+01
3.907235063533065489e+00 1.885731674550788739e+01
1.461239085536415461e+00 8.395146276570836008e+00
3.103162796176628380e-01 2.120202111697233160e+00
7.234964059209555209e+00 2.780616670352771536e+01
5.791813091586974771e+00 2.487147321441086945e+01
3.187183943188202306e+00 1.436244205398136842e+01
6.458448607742173664e+00 2.203047597668406254e+01
1.101004025864941172e+00 4.746425513528807372e+00
3.373746426626364148e+00 1.785472172082488385e+01
6.330360179826700850e+00 2.671892652688243075e+01
5.806905803874606420e+00 2.399539080560981219e+01
1.649086374996268090e+00 1.084963550038756352e+01
2.215300087698994780e+00 9.084381640068713182e+00
2.801881303424631486e+00 1.200895776730584252e+01
7.010515436876961992e+00 3.079003975043693941e+01
4.545834275581087880e+00 1.978472690310286808e+01
5.828424878716638169e+00 2.333868393284125631e+01
6.780827133466360124e+00 2.913499432077190932e+01
3.666820825560723751e-01 7.407458801263583581e+00
1.077037688712441099e+00 7.652859529160874530e+00
7.617210980244433216e+00 3.201016094284406677e+01
7.833063028924581950e+00 2.925020997900907815e+01
4.757851640954246619e+00 2.447098723830773181e+01
4.208210291490440902e+00 1.851165819625949638e+01
1.387045827232332718e+00 8.191233223125195195e+00
8.300398759713075947e+00 3.131404444674786092e+01
5.091913968657038048e+00 2.492654471787391657e+01
9.179900896316098624e+00 3.977844055173633819e+01
6.096108073810313499e+00 2.590789736296486723e+01
8.510211229269849298e+00 3.729120401925952422e+01
5.317982482911435937e+00 2.232216742330738768e+01
8.971055838698100970e+00 3.236849599150990997e+01
5.006926049165161263e-01 5.784517278605902035e+00
4.886655960076096150e+00 2.384290346315782116e+01
4.367529475498904468e+00 1.983049522539572607e+01
3.622682080781628677e+00 1.793293005442311028e+01
4.720251836221922570e-01 8.606847141291826375e+00
